


[1]  5.000000  1.000000  0.263000 27.820000 28.820000  2.216996
[1] 10.000000  2.000000  0.224000 16.920000 17.920000  2.055741
[1] 15.000000  3.000000  0.256000 12.560000 13.560000  1.865643
[1] 20.000000  4.000000  0.252000  8.440000  9.440000  1.751118
[1] 25.00000  5.00000  0.28600  7.36000  8.36000  1.54123
[1] 30.000000  6.000000  0.264000  5.580000  6.580000  1.359509
[1] 35.000000  7.000000  0.280000  4.600000  5.600000  1.272527
[1] 40.00000  8.00000  0.25900  4.02000  5.02000  1.21042
[1] 45.000000  9.000000  0.276000  2.900000  3.900000  1.021477
[1] 50.00000 10.00000  0.30000  2.92000  3.92000  1.00287
[1] 55.0000000 11.0000000  0.2610000  2.3800000  3.3800000  0.9423194
[1] 60.0000000 12.0000000  0.2780000  2.6200000  3.6200000  0.9509974
[1] 65.0000000 13.0000000  0.2650000  2.4600000  3.4600000  0.8874851
[1] 70.0000000 14.0000000  0.2810000  1.7200000  2.7200000  0.7752635
[1] 75.0000000 15.0000000  0.2590000  1.8400000  2.8400000  0.7981435
[1] 80.0000000 16.0000000  0.2650000  1.6000000  2.6000000  0.7698559
[1] 85.0000000 17.0000000  0.2800000  1.0000000  2.0000000  0.6587305
[1] 90.0000000 18.0000000  0.2850000  0.9000000  1.9000000  0.6121303
[1] 95.0000000 19.0000000  0.4800000  0.0000000  1.0000000  0.2929464
[1] 100.0000000  20.0000000   0.5600000   0.0000000   1.0000000   0.3078565
[1]  4.000000  1.000000  0.270000 28.480000 29.480000  2.100104
[1]  8.000000  2.000000  0.232000 17.360000 18.360000  1.944638
[1] 12.000000  3.000000  0.210000 13.220000 14.220000  1.767476
[1] 16.000000  4.000000  0.232000 10.200000 11.200000  1.670669
[1] 20.00000  5.00000  0.26400  7.42000  8.42000  1.45831
[1] 24.000000  6.000000  0.261000  6.560000  7.560000  1.419872
[1] 28.000000  7.000000  0.253000  5.740000  6.740000  1.337632
[1] 32.000000  8.000000  0.269000  4.920000  5.920000  1.264544
[1] 36.000000  9.000000  0.286000  4.400000  5.400000  1.227357
[1] 40.000000 10.000000  0.285000  3.680000  4.680000  1.137627
[1] 44.000000 11.000000  0.241000  3.220000  4.220000  1.051431
[1] 48.0000000 12.0000000  0.2660000  2.6800000  3.6800000  0.9516532
[1] 52.0000000 13.0000000  0.2680000  2.4200000  3.4200000  0.8842837
[1] 56.0000000 14.0000000  0.2460000  2.2400000  3.2400000  0.8572774
[1] 60.000000 15.000000  0.266000  2.060000  3.060000  0.819698
[1] 64.0000000 16.0000000  0.2650000  1.9000000  2.9000000  0.8044841
[1] 68.0000000 17.0000000  0.2510000  1.8400000  2.8400000  0.7868045
[1] 72.0000000 18.0000000  0.3020000  1.2800000  2.2800000  0.7033569
[1] 76.0000000 19.0000000  0.2790000  1.2400000  2.2400000  0.6982198
[1] 80.0000000 20.0000000  0.2400000  1.0000000  2.0000000  0.6633456
[1] 84.0000000 21.0000000  0.2600000  1.0000000  2.0000000  0.6716244
[1] 88.0000000 22.0000000  0.2750000  1.0000000  2.0000000  0.6507409
[1] 92.0000000 23.0000000  0.4250000  0.0000000  1.0000000  0.2999906
[1] 96.0000000 24.0000000  0.4650000  0.0000000  1.0000000  0.3004117
[1] 100.0000000  25.0000000   0.4700000   0.1000000   1.1000000   0.3200001
[1]  3.000000  1.000000  0.264000 30.240000 31.240000  2.106115
[1]  6.000000  2.000000  0.248000 21.180000 22.180000  1.944795
[1]  9.000000  3.000000  0.250000 14.400000 15.400000  1.823935
[1] 12.000000  4.000000  0.244000 10.780000 11.780000  1.684164
[1] 15.000000  5.000000  0.241000  8.980000  9.980000  1.590234
[1] 18.000000  6.000000  0.251000  7.780000  8.780000  1.498198
[1] 21.000000  7.000000  0.277000  6.600000  7.600000  1.411463
[1] 24.000000  8.000000  0.277000  5.780000  6.780000  1.321954
[1] 27.000000  9.000000  0.263000  5.340000  6.340000  1.309156
[1] 30.000000 10.000000  0.287000  4.940000  5.940000  1.272589
[1] 33.000000 11.000000  0.271000  4.420000  5.420000  1.216892
[1] 36.000000 12.000000  0.265000  4.260000  5.260000  1.209316
[1] 39.000000 13.000000  0.264000  3.720000  4.720000  1.123965
[1] 42.000000 14.000000  0.270000  3.060000  4.060000  1.056271
[1] 45.0000000 15.0000000  0.2620000  2.7600000  3.7600000  0.9678119
[1] 48.0000000 16.0000000  0.2970000  2.8000000  3.8000000  0.9818301
[1] 51.0000000 17.0000000  0.2670000  2.1800000  3.1800000  0.8720531
[1] 54.0000000 18.0000000  0.2700000  1.8400000  2.8400000  0.7929238
[1] 57.0000000 19.0000000  0.2440000  2.1400000  3.1400000  0.8276643
[1] 60.0000000 20.0000000  0.2320000  1.7000000  2.7000000  0.7662318
[1] 63.0000000 21.0000000  0.2820000  1.1200000  2.1200000  0.6834918
[1] 66.0000000 22.0000000  0.2730000  1.3400000  2.3400000  0.7173477
[1] 69.0000000 23.0000000  0.2490000  1.1400000  2.1400000  0.6776617
[1] 72.000000 24.000000  0.241000  1.080000  2.080000  0.676806
[1] 75.0000000 25.0000000  0.2750000  1.0800000  2.0800000  0.6708341
[1] 78.0000000 26.0000000  0.2460000  1.0000000  2.0000000  0.6572199
[1] 81.000000 27.000000  0.230000  1.000000  2.000000  0.662878
[1] 84.0000000 28.0000000  0.3050000  1.0000000  2.0000000  0.6616903
[1] 87.0000000 29.0000000  0.3050000  1.0000000  2.0000000  0.6514382
[1] 90.0000000 30.0000000  0.3900000  1.0000000  2.0000000  0.6611713
[1] 93.0000000 31.0000000  0.4600000  0.0000000  1.0000000  0.2933132
[1] 96.000000 32.000000  0.460000  0.000000  1.000000  0.286982
[1] 99.0000000 33.0000000  0.4550000  0.0000000  1.0000000  0.2981379

[1]  2.000000  1.000000  0.290000 29.880000 30.880000  2.199313
[1]  4.000000  2.000000  0.268000 23.420000 24.420000  2.194968
[1]  6.000000  3.000000  0.249000 17.940000 18.940000  2.200047
[1]  8.000000  4.000000  0.252000 13.600000 14.600000  1.928874
[1] 10.000000  5.000000  0.240000 11.580000 12.580000  1.939459
[1] 12.000000  6.000000  0.226000  9.500000 10.500000  1.707075
[1] 14.000000  7.000000  0.223000  8.300000  9.300000  1.648688
[1] 16.000000  8.000000  0.246000  7.320000  8.320000  1.526834
[1] 18.000000  9.000000  0.290000  6.920000  7.920000  1.564157
[1] 20.00000 10.00000  0.28600  6.08000  7.08000  1.64984
[1] 22.000000 11.000000  0.294000  5.680000  6.680000  1.395952
[1] 24.000000 12.000000  0.278000  5.300000  6.300000  1.358168
[1] 26.000000 13.000000  0.278000  5.140000  6.140000  1.331399
[1] 28.000000 14.000000  0.266000  5.060000  6.060000  1.525789
[1] 30.000000 15.000000  0.298000  4.640000  5.640000  1.357988
[1] 32.000000 16.000000  0.259000  4.000000  5.000000  1.255857
[1] 34.000000 17.000000  0.248000  3.780000  4.780000  1.214944
[1] 36.000000 18.000000  0.253000  3.600000  4.600000  1.251246
[1] 38.000000 19.000000  0.271000  3.300000  4.300000  1.222402
[1] 40.000000 20.000000  0.255000  2.920000  3.920000  1.208894
[1] 42.000000 21.000000  0.260000  2.680000  3.680000  1.101053
[1] 44.000000 22.000000  0.257000  2.440000  3.440000  1.022454
[1] 46.0000000 23.0000000  0.2690000  2.0400000  3.0400000  0.9241844
[1] 48.0000000 24.0000000  0.2810000  1.8000000  2.8000000  0.9032167
[1] 50.0000000 25.0000000  0.2940000  1.6200000  2.6200000  0.8478209
[1] 52.0000000 26.0000000  0.2740000  1.4000000  2.4000000  0.7949608
[1] 54.0000000 27.0000000  0.2720000  1.0800000  2.0800000  0.6944022
[1] 56.0000000 28.0000000  0.2790000  1.1200000  2.1200000  0.7036759
[1] 58.000000 29.000000  0.245000  1.160000  2.160000  0.699319
[1] 60.0000000 30.0000000  0.2440000  1.0600000  2.0600000  0.6944392
[1] 62.0000000 31.0000000  0.2840000  1.0000000  2.0000000  0.6887087
[1] 64.0000000 32.0000000  0.2690000  1.0200000  2.0200000  0.6923057
[1] 66.0000000 33.0000000  0.2750000  1.0000000  2.0000000  0.6899152
[1] 68.0000000 34.0000000  0.2830000  1.0000000  2.0000000  0.6861846
[1] 70.0000000 35.0000000  0.2730000  1.0000000  2.0000000  0.6943808
[1] 72.0000000 36.0000000  0.2470000  1.0000000  2.0000000  0.6919146
[1] 74.000000 37.000000  0.280000  1.000000  2.000000  0.718444
[1] 76.0000000 38.0000000  0.2620000  1.0000000  2.0000000  0.7143466
[1] 78.0000000 39.0000000  0.2660000  1.0000000  2.0000000  0.7133612
[1] 80.0000000 40.0000000  0.2450000  1.0000000  2.0000000  0.6702586
[1] 82.0000000 41.0000000  0.2400000  1.0000000  2.0000000  0.6877073
[1] 84.0000000 42.0000000  0.3050000  1.0000000  2.0000000  0.6758476
[1] 86.0000000 43.0000000  0.3300000  1.0000000  2.0000000  0.6701184
[1] 88.0000000 44.0000000  0.2600000  1.0000000  2.0000000  0.6839729
[1] 90.0000000 45.0000000  0.4050000  0.8000000  1.8000000  0.6741242
[1] 92.0000000 46.0000000  0.4200000  0.0000000  1.0000000  0.3087441
[1] 94.0000000 47.0000000  0.4900000  0.0000000  1.0000000  0.3095799
[1] 96.0000000 48.0000000  0.4650000  0.0000000  1.0000000  0.3141068
[1] 98.000000 49.000000  0.450000  0.000000  1.000000  0.302816
[1] 100.0000000  50.0000000   0.4650000   0.0000000   1.0000000   0.3164654
-----------------------------------------------------------------------------
(5.0000000,0.2716667)(10.000000,0.230000)(15.0000000,0.2116667)(20.0000000,0.2683333)(25.000000,0.270000)(30.0000000,0.2233333)(35.0000000,0.2766667)(40.0000000,0.2716667)(45.0000000,0.2666667)(50.0000000,0.2816667)(55.0000000,0.2933333)(60.0000000,0.2466667)(65.0000000,0.2666667)(70.0000000,0.2600000)(75.0000000,0.2266667)(80.0000000,0.2900000)(85.0000000,0.2900000)(90.0000000,0.4100000)(95.0000000,0.4400000)(100.000000,0.445000)
(4.0000000,0.2583333)(8.000000,0.245000)(12.0000000,0.2166667)(16.0000000,0.2766667)(20.0000000,0.2583333)(24.000000,0.270000)(28.0000000,0.2833333)(32.0000000,0.2666667)(36.0000000,0.2666667)(40.0000000,0.3016667)(44.0000000,0.2416667)(48.0000000,0.2483333)(52.0000000,0.2816667)(56.0000000,0.2333333)(60.000000,0.250000)(64.0000000,0.2716667)(68.0000000,0.2900000)(72.0000000,0.2850000)(76.0000000,0.2450000)(80.0000000,0.2550000)(84.0000000,0.3000000)(88.000000,0.395000)(92.0000000,0.4650000)(96.000000,0.435000)(100.0000000,0.4800000)
(3.0000000,0.2566667)(6.0000000,0.2983333)(9.0000000,0.2266667)(12.000000,0.215000)(15.000000,0.220000)(18.0000000,0.2566667)(21.0000000,0.2766667)(24.0000000,0.2683333)(27.0000000,0.2583333)(30.0000000,0.2783333)(33.0000000,0.2766667)(36.0000000,0.2516667)(39.0000000,0.3033333)(42.0000000,0.2666667)(45.0000000,0.2800000)(48.000000,0.250000)(51.0000000,0.2816667)(54.0000000,0.3100000)(57.0000000,0.2666667)(60.0000000,0.2633333)(63.0000000,0.2483333)(66.0000000,0.2600000)(69.0000000,0.2866667)(72.0000000,0.2650000)(75.0000000,0.2983333)(78.0000000,0.2700000)(81.0000000,0.2450000)(84.0000000,0.2550000)(87.0000000,0.3400000)(90.0000000,0.3900000)(93.0000000,0.4850000)(96.0000000,0.4600000)(99.0000000,0.4450000)
(4.000000,0.225000)(8.000000,0.245000)(12.000000,0.225000)(16.0000000,0.2233333)(20.000000,0.270000)(24.00000,0.29500)(28.0000000,0.2866667)(32.0000000,0.2333333)(36.000000,0.245000)(40.0000000,0.2366667)(44.0000000,0.2583333)(48.0000000,0.2683333)(52.0000000,0.3016667)(56.0000000,0.2916667)(60.0000000,0.2900000)(64.0000000,0.2666667)(68.0000000,0.2233333)(72.0000000,0.3000000)(76.0000000,0.2683333)(80.000000,0.215000)(84.0000000,0.2550000)(88.0000000,0.3150000)(92.0000000,0.4500000)(96.0000000,0.4550000)(100.0000000,0.4550000)