[[1]]
[1]  4.000000  1.000000  0.265000 29.800000 30.800000  2.547866

[[2]]
[1]  8.000000  2.000000  0.262000 18.620000 19.620000  2.095944

[[3]]
[1] 12.000000  3.000000  0.234000 13.160000 14.160000  2.015319

[[4]]
[1] 16.000000  4.000000  0.259000 10.060000 11.060000  1.781944

[[5]]
[1] 20.000000  5.000000  0.261000  7.820000  8.820000  1.663709

[[6]]
[1] 24.00000  6.00000  0.26500  6.42000  7.42000  1.50919

[[7]]
[1] 28.000000  7.000000  0.257000  5.820000  6.820000  1.453212

[[8]]
[1] 32.000000  8.000000  0.291000  5.020000  6.020000  1.363801

[[9]]
[1] 36.00000  9.00000  0.27400  4.40000  5.40000  1.39351

[[10]]
[1] 40.00000 10.00000  0.25200  3.80000  4.80000  1.26858

[[11]]
[1] 44.000000 11.000000  0.234000  3.120000  4.120000  1.134892

[[12]]
[1] 48.000000 12.000000  0.258000  2.960000  3.960000  1.143895

[[13]]
[1] 52.000000 13.000000  0.268000  2.660000  3.660000  1.046776

[[14]]
[1] 56.0000000 14.0000000  0.2500000  2.4800000  3.4800000  0.9875354

[[15]]
[1] 60.0000000 15.0000000  0.2580000  2.3000000  3.3000000  0.9092607

[[16]]
[1] 64.0000000 16.0000000  0.2790000  2.3400000  3.3400000  0.9334702

[[17]]
[1] 68.0000000 17.0000000  0.2870000  1.7200000  2.7200000  0.8747576

[[18]]
[1] 72.0000000 18.0000000  0.2850000  1.4200000  2.4200000  0.7854578

[[19]]
[1] 76.0000000 19.0000000  0.2510000  1.4600000  2.4600000  0.7808003

[[20]]
[1] 80.000000 20.000000  0.265000  1.040000  2.040000  0.715957