[1] 20.0000000 10.0000000  0.2742268  7.2000000  8.2000000
[1] 20.0000000  8.0000000  0.2515464  6.8000000  7.8000000
[1] 20.0000000  6.0000000  0.2309278  8.2000000  9.2000000
[1] 20.0000000  4.0000000  0.2329897 10.6000000 11.6000000
[1] 20.0000000  2.0000000  0.2494845 14.0000000 15.0000000
[1] 18.0000000  9.0000000  0.2556701  7.6000000  8.6000000
[1] 18.0000000  7.0000000  0.2721649  7.8000000  8.8000000
[1] 18.0000000  5.0000000  0.2845361  8.8000000  9.8000000
[1] 18.0000000  3.0000000  0.2639175 13.0000000 14.0000000
[1] 18.0000000  1.0000000  0.2783505 18.4000000 19.4000000
[1] 16.0000000  8.0000000  0.2639175  8.2000000  9.2000000
[1] 16.0000000  6.0000000  0.2618557  8.8000000  9.8000000
[1] 16.0000000  4.0000000  0.2350515 10.6000000 11.6000000
[1] 16.0000000  2.0000000  0.2268041 13.4000000 14.4000000
[1] 14.0000000  7.0000000  0.2309278  9.4000000 10.4000000
[1] 14.0000000  5.0000000  0.2082474 10.2000000 11.2000000
[1] 14.0000000  3.0000000  0.2597938 13.0000000 14.0000000
[1] 14.0000000  1.0000000  0.2474227 21.2000000 22.2000000
[1] 12.0000000  6.0000000  0.2226804 10.8000000 11.8000000
[1] 12.0000000  4.0000000  0.2824742 12.0000000 13.0000000
[1] 12.0000000  2.0000000  0.2474227 15.8000000 16.8000000
[1] 10.0000000  5.0000000  0.2061856 13.6000000 14.6000000
[1] 10.000000  3.000000  0.243299 15.200000 16.200000
[1] 10.0000000  1.0000000  0.2701031 23.0000000 24.0000000

[1] 16.0000000  8.0000000  0.1958763  8.0000000  9.0000000
  c(2,8,26,27,29,32,33,35,36,37,41,44,45,46,47,59,62,66,67,69,72,73,74,82,88,91,92,93,94,95,97,100,101,103,104,107,110,114,116,122,127,130,133,138,42,146,147,151,152,158,160,161,163,165,168,169,170,173,179,180,184,186,194,195,200,204,205,208,211,212,213,214,217,220,225,228,234,237,239,241,244,250,251,254,260,265,270,271,274,278,280,284,286,288,290,292,297)