[1] 20.000000 10.000000  0.265000  5.400000  6.400000  1.375573
[1] 20.00000  9.00000  0.25500  5.60000  6.60000  1.39774
[1] 20.000000  8.000000  0.245000  5.900000  6.900000  1.377442
[1] 20.000000  7.000000  0.245000  5.900000  6.900000  1.347526
[1] 20.000000  6.000000  0.260000  6.200000  7.200000  1.378021
[1] 20.000000  5.000000  0.230000  7.500000  8.500000  1.473399
[1] 20.000000  4.000000  0.200000  8.800000  9.800000  1.579574
[1] 20.00000  3.00000  0.18500 11.10000 12.10000  1.73854
[1] 20.000000  2.000000  0.180000 12.100000 13.100000  1.790228
[1] 20.00000  1.00000  0.21500 15.20000 16.20000  2.03613
[1] 19.000000 10.000000  0.270000  5.700000  6.700000  1.351874
[1] 19.000000  9.000000  0.270000  5.700000  6.700000  1.375394
[1] 19.000000  8.000000  0.265000  5.800000  6.800000  1.351606
[1] 19.000000  7.000000  0.230000  6.300000  7.300000  1.431929
[1] 19.000000  6.000000  0.235000  6.700000  7.700000  1.435879
[1] 19.000000  5.000000  0.210000  7.700000  8.700000  1.489843
[1] 19.000000  4.000000  0.220000  8.100000  9.100000  1.514079
[1] 19.000000  3.000000  0.220000 10.800000 11.800000  1.708612
[1] 19.000000  2.000000  0.185000 12.500000 13.500000  1.823254
[1] 19.00000  1.00000  0.22000 14.70000 15.70000  1.98329
[1] 18.000000  9.000000  0.230000  6.000000  7.000000  1.397511
[1] 18.00000  8.00000  0.25000  6.10000  7.10000  1.38418
[1] 18.000000  7.000000  0.265000  6.500000  7.500000  1.412976
[1] 18.00000  6.00000  0.23500  7.70000  8.70000  1.48989
[1] 18.000000  5.000000  0.220000  8.400000  9.400000  1.559536
[1] 18.00000  4.00000  0.16500  7.90000  8.90000  1.51527
[1] 18.000000  3.000000  0.195000  8.900000  9.900000  1.573149
[1] 18.000000  2.000000  0.190000 11.700000 12.700000  1.755094
[1] 18.000000  1.000000  0.205000 14.700000 15.700000  1.927147
[1] 17.000000  9.000000  0.190000  6.900000  7.900000  1.473725
[1] 17.000000  8.000000  0.210000  6.400000  7.400000  1.414037
[1] 17.00000  7.00000  0.25000  6.60000  7.60000  1.44725
[1] 17.000000  6.000000  0.240000  7.100000  8.100000  1.456565
[1] 17.000000  5.000000  0.185000  7.900000  8.900000  1.520442
[1] 17.000000  4.000000  0.160000  8.800000  9.800000  1.564902
[1] 17.000000  3.000000  0.180000 10.000000 11.000000  1.650271
[1] 17.00000  2.00000  0.19000 11.80000 12.80000  1.74816
[1] 17.000000  1.000000  0.200000 14.800000 15.800000  1.947619
[1] 16.000000  8.000000  0.180000  6.700000  7.700000  1.441923
[1] 16.000000  7.000000  0.195000  7.300000  8.300000  1.490669
[1] 16.000000  6.000000  0.190000  7.400000  8.400000  1.478689
[1] 16.000000  5.000000  0.220000  8.500000  9.500000  1.557083
[1] 16.000000  4.000000  0.160000  8.600000  9.600000  1.526671
[1] 16.000000  3.000000  0.210000 10.400000 11.400000  1.677193
[1] 16.000000  2.000000  0.165000 11.900000 12.900000  1.722259
[1] 16.000000  1.000000  0.190000 15.500000 16.500000  1.975252
[1] 15.000000  8.000000  0.185000  7.300000  8.300000  1.480235
[1] 15.000000  7.000000  0.175000  7.800000  8.800000  1.528066
[1] 15.000000  6.000000  0.195000  8.000000  9.000000  1.546044
[1] 15.000000  5.000000  0.175000  8.700000  9.700000  1.556963
[1] 15.000000  4.000000  0.160000  9.300000 10.300000  1.587438
[1] 15.000000  3.000000  0.200000 10.100000 11.100000  1.646273
[1] 15.000000  2.000000  0.215000 13.200000 14.200000  1.793239
[1] 15.000000  1.000000  0.195000 16.400000 17.400000  2.006815
[1] 14.000000  7.000000  0.205000  7.900000  8.900000  1.523512
[1] 14.000000  6.000000  0.205000  8.700000  9.700000  1.576151
[1] 14.00000  5.00000  0.21000  8.90000  9.90000  1.57599
[1] 14.00000  4.00000  0.18500  9.20000 10.20000  1.57384
[1] 14.000000  3.000000  0.195000 10.500000 11.500000  1.632425
[1] 14.000000  2.000000  0.180000 12.600000 13.600000  1.727954
[1] 14.000000  1.000000  0.190000 18.700000 19.700000  2.105705
[1] 13.000000  7.000000  0.165000  8.200000  9.200000  1.501531
[1] 13.000000  6.000000  0.205000  8.400000  9.400000  1.553583
[1] 13.000000  5.000000  0.200000  9.500000 10.500000  1.623494
[1] 13.000000  4.000000  0.185000 10.100000 11.100000  1.604773
[1] 13.000000  3.000000  0.160000 11.100000 12.100000  1.658656
[1] 13.00000  2.00000  0.19500 13.10000 14.10000  1.78607
[1] 13.00000  1.00000  0.19500 17.70000 18.70000  2.01333
[1] 12.000000  6.000000  0.165000  9.300000 10.300000  1.585638
[1] 12.000000  5.000000  0.165000 10.200000 11.200000  1.661545
[1] 12.000000  4.000000  0.190000 10.500000 11.500000  1.643021
[1] 12.000000  3.000000  0.190000 11.300000 12.300000  1.659547
[1] 12.000000  2.000000  0.160000 13.400000 14.400000  1.737346
[1] 12.000000  1.000000  0.190000 19.000000 20.000000  2.005693
[1] 11.00000  6.00000  0.16500  9.80000 10.80000  1.62527
[1] 11.000000  5.000000  0.180000 10.900000 11.900000  1.656581
[1] 11.000000  4.000000  0.185000 11.700000 12.700000  1.704747
[1] 11.000000  3.000000  0.190000 12.200000 13.200000  1.684752
[1] 11.000000  2.000000  0.150000 13.800000 14.800000  1.761112
[1] 11.000000  1.000000  0.215000 20.000000 21.000000  2.045534
[1] 10.000000  5.000000  0.185000 11.300000 12.300000  1.679958
[1] 10.000000  4.000000  0.145000 11.600000 12.600000  1.715268
[1] 10.000000  3.000000  0.125000 12.200000 13.200000  1.691351
[1] 10.00000  2.00000  0.19500 14.30000 15.30000  1.80256
[1] 10.000000  1.000000  0.155000 19.100000 20.100000  1.997849
[1]  9.0000  5.0000  0.1300 11.9000 12.9000  1.7531
[1]  9.000000  4.000000  0.160000 12.500000 13.500000  1.724801
[1]  9.000000  3.000000  0.155000 13.300000 14.300000  1.751685
[1]  9.000000  2.000000  0.180000 14.700000 15.700000  1.772693
[1]  9.000000  1.000000  0.190000 19.600000 20.600000  1.989026
[1]  8.000000  4.000000  0.190000 13.100000 14.100000  1.756099
[1]  8.000000  3.000000  0.205000 14.700000 15.700000  1.741182
[1]  8.000000  2.000000  0.195000 15.100000 16.100000  1.757394
[1]  8.00000  1.00000  0.20000 22.90000 23.90000  2.06237